0   0
1   1
2   10
3   19
4   44
5   53
6   68
7   210
8   506
9   1390
10   3790
11   10414
12   23399
13   41194
14   63750
15   89093
16   112071
17   132773
18   150555
19   166270
20   178636
21   189185
22   198542
23   206146
24   212462
25   217679
26   222842
27   226437
28   229935
29   232664
30   235292
31   237010
32   238845
33   240671
34   242077
35   243579
36   244367
37   245757
38   246632
39   246900
40   247202
41   248025
42   248307
43   248956
44   249559
45   249677
46   250147
47   250540
48   251294
49   251465
50   251677
51   251654
52   252143
53   252311
54   252332
55   252392
56   252345
57   252546
58   253041
59   253375
60   253271
61   253269
62   253182
63   253542
64   253514
65   253786
66   254017
67   253756
68   254241
69   254093
70   254107
71   254063
72   253830
73   254204
74   253732
75   253956
76   253743
77   254180
78   253982
79   253932
80   254084
81   254100
82   253982
83   254192
84   254031
85   254180
86   253826
87   253989
88   253883
89   253849
