0   0
1   1
2   6
3   5
4   5
5   6
6   5
7   8
8   13
9   13
10   15
11   36
12   75
13   138
14   281
15   450
16   778
17   1531
18   2904
19   5578
20   10990
21   20413
22   36927
23   60230
24   90580
25   124396
26   157188
27   185561
28   207659
29   223888
30   235521
31   243796
32   249935
33   253837
34   256407
35   258566
36   259885
37   260765
38   261375
39   261902
40   262696
41   262850
42   263314
43   263906
44   264136
45   264023
46   264036
47   264130
48   264254
49   264415
50   264136
51   264195
52   264501
53   264597
54   264475
55   264140
56   264304
57   263959
58   263932
59   264108
60   264107
61   264268
62   264185
63   264217
64   264047
65   264313
66   264332
67   264675
68   264411
69   264324
70   264371
71   264595
72   264523
73   264393
74   264247
75   264183
76   263944
77   264106
78   264169
79   264571
80   264430
81   264346
82   264383
83   264170
84   264272
85   264452
86   264351
87   264449
88   264439
89   264170
