0   0
1   6
2   9
3   8
4   326
5   816
6   6817
7   22345
8   54941
9   99713
10   148264
11   185382
12   212087
13   229899
14   240290
15   246780
16   251273
17   254800
18   256771
19   258371
20   259882
21   260672
22   261201
23   261391
24   262386
25   262547
26   263008
27   263277
28   263341
29   263440
30   263540
31   263729
32   263620
33   263504
34   263681
35   264057
36   264129
37   263773
38   263778
39   263525
40   264131
41   263867
42   263791
43   264015
44   263649
45   263650
46   263383
47   263489
48   263627
49   263523
50   264041
51   263969
52   264279
53   264567
54   264663
55   264376
56   264430
57   264613
58   264719
59   264691
60   264424
61   264686
62   264360
63   264301
64   264204
65   263913
66   263872
67   263752
68   264092
69   263982
70   264533
71   264456
72   264240
73   263871
74   264126
75   264374
76   264063
77   263647
78   263835
79   263939
80   264136
81   263873
82   264412
83   264159
84   263865
85   263632
86   263334
87   263392
88   263599
89   263818
