0   0
1   2
2   4
3   4
4   7
5   6
6   11
7   14
8   16
9   16
10   21
11   26
12   27
13   27
14   41
15   82
16   83
17   162
18   270
19   529
20   970
21   1926
22   3330
23   5561
24   8604
25   12715
26   17951
27   23086
28   28096
29   32747
30   37642
31   41801
32   45751
33   49258
34   52207
35   55034
36   57593
37   59748
38   61965
39   63984
40   65632
41   67138
42   68386
43   69574
44   70563
45   71538
46   72508
47   73510
48   74262
49   74759
50   75358
51   75875
52   76287
53   76586
54   76876
55   77356
56   77431
57   77742
58   77953
59   78292
60   78350
61   78316
62   78504
63   78879
64   79048
65   79289
66   79197
67   79301
68   79283
69   79308
70   79568
71   79695
72   79860
73   79838
74   79946
75   80005
76   80090
77   80085
78   80201
79   80227
80   80175
81   80451
82   80249
83   80223
84   80447
85   80457
86   80405
87   80470
88   80562
89   80682
