0   0
1   7
2   8
3   14
4   23
5   25
6   57
7   68
8   84
9   146
10   246
11   343
12   524
13   789
14   1173
15   1667
16   2416
17   3418
18   5065
19   6898
20   9407
21   12589
22   16242
23   20811
24   25792
25   31694
26   37594
27   44029
28   50310
29   56226
30   62045
31   67438
32   72297
33   76478
34   80045
35   83535
36   86422
37   88930
38   91023
39   93095
40   94884
41   96306
42   97326
43   98594
44   99509
45   100384
46   100852
47   101521
48   102198
49   102792
50   103069
51   103472
52   103621
53   103841
54   104226
55   104552
56   104826
57   105025
58   105236
59   105406
60   105345
61   105462
62   105746
63   105861
64   105873
65   105841
66   105587
67   105586
68   105708
69   105743
70   105952
71   105981
72   105864
73   105929
74   105993
75   106053
76   106210
77   106256
78   106346
79   106288
80   106229
81   106295
82   106347
83   106339
84   106191
85   106090
86   106024
87   106328
88   106308
89   106212
