0   0
1   1
2   1
3   1
4   1
5   13
6   33
7   76
8   444
9   892
10   1583
11   4268
12   9211
13   15308
14   23971
15   34137
16   44317
17   54364
18   63739
19   71694
20   78587
21   83814
22   88086
23   91440
24   94178
25   96423
26   98521
27   99519
28   100706
29   101712
30   102485
31   103116
32   103679
33   104224
34   104496
35   104743
36   104929
37   105107
38   105201
39   105353
40   105746
41   105832
42   105926
43   106109
44   106218
45   106335
46   106432
47   106734
48   106891
49   106778
50   106687
51   106548
52   106464
53   106450
54   106449
55   106720
56   106560
57   106616
58   106567
59   106377
60   106290
61   106566
62   106669
63   106467
64   106342
65   106191
66   106430
67   106537
68   106548
69   106597
70   106321
71   106211
72   106563
73   106657
74   106531
75   106590
76   106827
77   107006
78   106845
79   106965
80   106934
81   106784
82   106420
83   106600
84   106415
85   106554
86   106614
87   106723
88   106857
89   106457
